Ndn	       0	             0	             0	             0	             0	             0
Ndn	     0.2	   0.001454501	 1.4147656e-05	 5.8408309e-06	 0.00099203725	   0.074437563
Ndn	     0.4	  0.0051746872	 0.00017581012	  0.0001764573	  0.0069780051	    0.13566068
Ndn	     0.6	   0.010345546	  0.0006273891	  0.0011589961	   0.019624857	    0.18306819
Ndn	     0.8	    0.01661799	  0.0013740364	  0.0039935208	   0.036860573	    0.21915305
Ndn	       1	   0.023906657	  0.0025841171	  0.0094492354	   0.054597151	    0.24804174
Ndn	     1.2	   0.031991252	  0.0048588262	    0.01734201	   0.069250582	    0.27359693
Ndn	     1.4	    0.04052143	  0.0089051031	   0.026444245	   0.079504382	    0.29810987
Ndn	     1.6	   0.049320941	   0.014921651	   0.035068155	   0.086451794	    0.32209561
Ndn	     1.8	   0.058484783	   0.022412395	   0.041846383	   0.092385674	    0.34500414
Ndn	       2	    0.06817493	   0.030513417	   0.046224915	   0.099245253	    0.36621341
Ndn	     2.2	   0.078434273	   0.038373296	   0.048560402	    0.10767573	    0.38565132
Ndn	     2.4	   0.089171896	    0.04533831	   0.049864653	    0.11708269	    0.40374782
Ndn	     2.6	    0.10019613	   0.051080755	   0.051255024	    0.12645665	    0.42092684
Ndn	     2.8	    0.11118793	   0.055723971	   0.053367495	    0.13531918	    0.43717738
Ndn	       3	    0.12173499	   0.059793601	   0.056253975	    0.14397663	    0.45204482
Ndn	     3.2	     0.1314965	   0.063937417	   0.059789282	    0.15291972	    0.46498881
Ndn	     3.4	    0.14040528	   0.068572878	    0.06404951	    0.16214388	     0.4757691
Ndn	     3.6	    0.14864099	   0.073764203	   0.069286944	    0.17111522	    0.48460841
Ndn	     3.8	    0.15648483	   0.079400187	   0.075524175	    0.17931788	     0.4919988
Ndn	       4	    0.16408184	   0.085477604	   0.082282683	     0.1866639	    0.49844968
Ndn	     4.2	    0.17145682	   0.092095885	    0.08880197	     0.1933213	    0.50442152
Ndn	     4.4	    0.17864122	   0.099236407	   0.094490492	    0.19943148	    0.51032218
Ndn	     4.6	    0.18570817	    0.10660074	   0.099211463	    0.20496609	    0.51644522
Ndn	     4.8	    0.19264806	    0.11378843	    0.10322226	    0.20980468	     0.5229506
Ndn	       5	     0.1992943	    0.12053607	    0.10692354	    0.21393277	    0.52979138
Ndn	     5.2	    0.20547161	    0.12670784	    0.11065661	    0.21757959	    0.53666104
Ndn	     5.4	    0.21117252	    0.13216899	    0.11457446	    0.22130272	    0.54301241
Ndn	     5.6	     0.2165115	    0.13686543	    0.11855814	    0.22581081	    0.54826879
Ndn	     5.8	    0.22148199	    0.14104692	     0.1223269	    0.23152885	    0.55214379
Ndn	       6	    0.22594548	     0.1451651	    0.12582106	    0.23829029	     0.5547426
Ndn	     6.2	    0.22998004	     0.1493105	    0.12935571	    0.24538415	     0.5564934
Ndn	     6.4	    0.23402343	    0.15301593	    0.13332474	    0.25195886	    0.55802985
Ndn	     6.6	    0.23847758	    0.15585783	    0.13775315	    0.25751798	    0.55992629
Ndn	     6.8	    0.24331311	    0.15805107	    0.14220978	    0.26210956	    0.56243052
Ndn	       7	     0.2481076	    0.16022052	    0.14623994	    0.26612459	    0.56543316
Ndn	     7.2	    0.25246122	    0.16270078	    0.14978987	    0.26995887	    0.56868715
Ndn	     7.4	    0.25627651	    0.16538305	     0.1531105	    0.27386444	    0.57199368
Ndn	     7.6	    0.25959908	     0.1681138	    0.15639852	    0.27790733	    0.57525398
Ndn	     7.8	    0.26243378	    0.17095461	     0.1597481	    0.28192613	    0.57846148
Ndn	       8	    0.26483774	    0.17397697	    0.16330417	    0.28568066	    0.58160941
Ndn	     8.2	    0.26700298	    0.17708152	    0.16716057	    0.28911252	    0.58459215
Ndn	     8.4	    0.26910277	    0.18013338	    0.17118509	    0.29242049	    0.58727766
Ndn	     8.6	    0.27120051	     0.1830992	    0.17516975	    0.29587819	    0.58961065
Ndn	     8.8	    0.27326752	    0.18603685	    0.17901783	    0.29955833	    0.59163719
Ndn	       9	    0.27522984	    0.18905686	    0.18273252	    0.30328492	    0.59347391
Ndn	     9.2	    0.27705746	    0.19223066	    0.18637098	    0.30674888	    0.59524989
Ndn	     9.4	     0.2787743	    0.19550204	    0.19006218	    0.30971375	    0.59705711
Ndn	     9.6	    0.28033499	     0.1988246	    0.19394988	    0.31215038	    0.59891525
Ndn	     9.8	    0.28159915	    0.20224159	    0.19798508	    0.31424182	     0.6007744
Ndn	      10	    0.28242027	    0.20578994	    0.20195404	    0.31627546	    0.60253859
Ndn	    10.2	    0.28286021	     0.2093189	    0.20576459	    0.31847569	    0.60411914
Ndn	    10.4	    0.28322523	    0.21253471	    0.20948223	    0.32093067	    0.60550409
Ndn	    10.6	    0.28364594	    0.21536273	    0.21312989	    0.32365346	    0.60678695
Ndn	    10.8	    0.28399859	    0.21798877	    0.21664244	     0.3266323	    0.60806239
Ndn	      11	    0.28417644	    0.22058976	    0.21998572	    0.32985114	    0.60936445
Ndn	    11.2	     0.2841877	     0.2231253	    0.22318856	    0.33329917	    0.61067713
Ndn	    11.4	     0.2841147	    0.22546946	    0.22629869	    0.33693285	    0.61197898
Ndn	    11.6	    0.28401316	    0.22763103	    0.22932717	    0.34061533	    0.61329796
Ndn	    11.8	    0.28387954	    0.22970768	    0.23230075	    0.34413473	    0.61469265
Ndn	      12	    0.28379026	    0.23167654	     0.2353835	    0.34729197	    0.61620117
Ndn	    12.2	    0.28389104	    0.23339833	    0.23875243	    0.35003408	    0.61781142
Ndn	    12.4	    0.28425763	    0.23482242	    0.24233456	    0.35253043	    0.61945575
Ndn	    12.6	    0.28480845	    0.23609505	    0.24583188	     0.3550738	    0.62104507
Ndn	    12.8	    0.28535929	     0.2374609	    0.24903143	    0.35786919	    0.62251588
Ndn	      13	    0.28575221	    0.23908018	     0.2519913	    0.36090029	    0.62385026
Ndn	    13.2	    0.28593902	    0.24097079	    0.25491339	    0.36400394	    0.62506931
Ndn	    13.4	    0.28595397	     0.2430913	    0.25789485	    0.36703306	    0.62620764
Ndn	    13.6	    0.28584544	    0.24536963	    0.26091412	     0.3699194	    0.62730455
Ndn	    13.8	    0.28568263	    0.24766511	    0.26398836	     0.3726369	    0.62837692
Ndn	      14	     0.2855446	    0.24984645	    0.26717926	    0.37516884	    0.62939949
Ndn	    14.2	    0.28549588	    0.25190142	    0.27045795	    0.37753777	    0.63033988
Ndn	    14.4	    0.28558571	    0.25390244	    0.27369924	    0.37981865	    0.63118393
Ndn	    14.6	     0.2858235	    0.25590276	    0.27681858	    0.38206464	    0.63194708
Ndn	    14.8	    0.28614044	    0.25792878	    0.27982927	    0.38425483	    0.63268262
Ndn	      15	    0.28643553	    0.26002669	    0.28274037	     0.3863586	    0.63344531
Ndn	    15.2	    0.28663864	    0.26225893	    0.28548569	    0.38841752	    0.63424367
Ndn	    15.4	    0.28669235	    0.26465143	    0.28802567	    0.39052361	    0.63504442
Ndn	    15.6	    0.28654563	    0.26717015	    0.29043692	    0.39272347	    0.63580914
Ndn	    15.8	    0.28618822	    0.26977278	    0.29283706	    0.39499395	    0.63651407
Ndn	      16	    0.28568688	    0.27241566	    0.29528706	    0.39730076	    0.63715853
Ndn	    16.2	     0.2851932	    0.27496737	    0.29780961	    0.39963008	    0.63775825
Ndn	    16.4	    0.28487706	    0.27722299	    0.30042687	    0.40197201	    0.63833505
Ndn	    16.6	    0.28483578	    0.27905564	    0.30313424	    0.40429947	    0.63893119
Ndn	    16.8	    0.28507282	    0.28052331	    0.30585488	    0.40658251	    0.63960228
Ndn	      17	    0.28552507	    0.28180854	    0.30847716	    0.40882205	    0.64037047
Ndn	    17.2	    0.28610813	    0.28307033	    0.31094413	    0.41104375	    0.64120059
Ndn	    17.4	    0.28675668	    0.28438819	    0.31326694	    0.41324873	    0.64203714
Ndn	    17.6	    0.28742549	    0.28580532	    0.31547017	    0.41540295	    0.64285037
Ndn	    17.8	    0.28808027	    0.28733703	    0.31758476	    0.41746655	    0.64363456
Ndn	      18	    0.28872183	    0.28891902	    0.31967354	     0.4194147	    0.64439439
Ndn	    18.2	    0.28939125	    0.29042073	    0.32178883	     0.4212765	    0.64512345
Ndn	    18.4	    0.29011582	     0.2917606	    0.32392446	    0.42313281	    0.64579854
Ndn	    18.6	    0.29086599	    0.29297584	    0.32605998	    0.42503737	    0.64639741
Ndn	    18.8	    0.29158498	    0.29416339	     0.3282207	    0.42697023	    0.64690829
Ndn	      19	    0.29224209	    0.29539663	     0.3304409	    0.42889085	    0.64732483
Ndn	    19.2	    0.29282916	    0.29673082	    0.33267566	    0.43082511	     0.6476274
Ndn	    19.4	     0.2933304	     0.2982304	    0.33480971	    0.43283529	    0.64780529
Ndn	    19.6	    0.29373232	    0.29992242	    0.33678828	     0.4348936	     0.6479025
Ndn	    19.8	    0.29404921	    0.30174855	    0.33870748	    0.43686427	    0.64799693
Ndn	      20	     0.2943218	    0.30359426	     0.3407396	     0.4386303	    0.64813182
