Nup	       0	             1	             1	             1	             1	             1
Nup	     0.2	     0.9255743	    0.99899651	    0.99999383	    0.99998524	    0.99854634
Nup	     0.4	    0.86467628	    0.99269662	    0.99981553	    0.99979272	    0.99486944
Nup	     0.6	    0.81910719	    0.97832768	    0.99873303	     0.9991098	    0.99003247
Nup	     0.8	    0.78839577	    0.95628367	    0.99533188	    0.99764061	    0.98485271
Nup	       1	    0.77032592	    0.92948978	    0.98795975	    0.99508592	    0.97970296
Nup	     1.2	    0.76165295	    0.90208391	    0.97549976	    0.99093915	    0.97455856
Nup	     1.4	    0.75878026	    0.87806148	    0.95803037	    0.98433434	     0.9691989
Nup	     1.6	    0.75840216	    0.86019727	    0.93703652	    0.97413602	    0.96341959
Nup	     1.8	    0.75806184	    0.84940994	    0.91511848	    0.95924294	    0.95714512
Nup	       2	    0.75642946	    0.84475959	    0.89529216	    0.93899286	    0.95040174
Nup	     2.2	    0.75316408	    0.84411112	    0.88002144	     0.9135954	    0.94318961
Nup	     2.4	    0.74854984	    0.84507427	     0.8703313	    0.88442862	    0.93538397
Nup	     2.6	    0.74316038	    0.84574798	    0.86551843	    0.85385166	    0.92678756
Nup	     2.8	    0.73761967	    0.84503877	    0.86364258	    0.82446711	    0.91730192
Nup	       3	     0.7323908	    0.84262077	    0.86233697	    0.79837072	    0.90705406
Nup	     3.2	    0.72758719	     0.8387592	    0.85936176	    0.77697802	    0.89636413
Nup	     3.4	    0.72295775	    0.83405602	    0.85293915	    0.76128492	    0.88555739
Nup	     3.6	    0.71803329	    0.82899906	    0.84226049	    0.75176075	    0.87486507
Nup	     3.8	    0.71237625	    0.82358356	    0.82805879	    0.74793877	     0.8644388
Nup	       4	    0.70572873	    0.81726055	    0.81261759	    0.74828693	    0.85442182
Nup	     4.2	    0.69785154	    0.80938368	    0.79883057	    0.75076135	    0.84493849
Nup	     4.4	    0.68826418	     0.7998785	      0.788859	    0.75359695	    0.83606765
Nup	     4.6	    0.67637177	    0.78950492	    0.78349176	    0.75579207	    0.82782092
Nup	     4.8	    0.66176678	    0.77956447	    0.78229392	    0.75705792	    0.82016905
Nup	       5	    0.64444475	    0.77143116	    0.78406177	     0.7575125	    0.81305336
Nup	     5.2	    0.62480396	    0.76610183	    0.78728785	    0.75739896	    0.80642247
Nup	     5.4	    0.60366298	    0.76382431	    0.79056427	    0.75690602	    0.80025949
Nup	     5.6	    0.58236619	    0.76382231	    0.79299021	    0.75615325	    0.79456849
Nup	     5.8	    0.56265642	    0.76439747	    0.79439813	    0.75517302	    0.78939156
Nup	       6	    0.54612012	    0.76355689	    0.79511556	    0.75383896	    0.78479932
Nup	     6.2	    0.53369068	    0.75980095	    0.79551267	    0.75201471	    0.78084595
Nup	     6.4	    0.52550027	    0.75262774	     0.7956853	    0.74969613	    0.77753543
Nup	     6.6	    0.52110996	    0.74252613	    0.79542522	    0.74694837	    0.77479735
Nup	     6.8	    0.51977718	    0.73065995	    0.79430862	    0.74383519	    0.77248309
Nup	       7	    0.52049518	    0.71859175	    0.79184579	    0.74041553	     0.7704028
Nup	     7.2	    0.52203843	    0.70802258	    0.78766231	    0.73671866	    0.76834022
Nup	     7.4	    0.52324707	    0.70032252	    0.78167045	    0.73273035	    0.76610736
Nup	     7.6	     0.5234404	    0.69597178	    0.77425587	    0.72836172	    0.76362236
Nup	     7.8	     0.5226019	    0.69435406	    0.76623972	    0.72340747	    0.76093365
Nup	       8	     0.5211203	     0.6941852	    0.75856472	    0.71768825	    0.75817056
Nup	     8.2	    0.51938093	    0.69413958	    0.75203053	    0.71124178	    0.75546025
Nup	     8.4	    0.51776032	     0.6931251	    0.74709617	    0.70432317	    0.75286038
Nup	     8.6	    0.51654281	    0.69047077	    0.74374956	      0.697299	    0.75034723
Nup	     8.8	    0.51570501	     0.6861976	    0.74152916	     0.6906208	    0.74785431
Nup	       9	    0.51494817	    0.68098744	    0.73955161	    0.68482657	    0.74530799
Nup	     9.2	    0.51387796	    0.67583575	    0.73673238	    0.68040338	    0.74270489
Nup	     9.4	    0.51220138	    0.67160041	    0.73231488	     0.6774862	    0.74014762
Nup	     9.6	    0.50982622	    0.66859096	    0.72629205	    0.67575715	    0.73778834
Nup	     9.8	    0.50680528	    0.66653696	    0.71933362	     0.6746511	    0.73572598
Nup	      10	    0.50330785	    0.66486776	    0.71235765	    0.67357948	    0.73401528
Nup	    10.2	     0.4995353	     0.6630136	    0.70612438	    0.67211394	    0.73267159
Nup	    10.4	    0.49559045	    0.66064367	    0.70099738	    0.67014109	     0.7315991
Nup	    10.6	    0.49161114	    0.65764771	    0.69695761	    0.66780612	    0.73062095
Nup	    10.8	    0.48775259	    0.65412797	       0.69371	    0.66527908	    0.72962465
Nup	      11	    0.48404751	    0.65040096	    0.69079892	    0.66265288	    0.72864325
Nup	    11.2	    0.48046027	    0.64688713	    0.68769647	    0.66000143	    0.72779265
Nup	    11.4	     0.4770423	    0.64383939	    0.68399757	    0.65736666	     0.7271648
Nup	    11.6	    0.47396082	    0.64118517	    0.67965136	    0.65470553	    0.72676574
Nup	    11.8	    0.47140675	    0.63862097	      0.674956	    0.65192431	    0.72649811
Nup	      12	    0.46952696	    0.63572847	    0.67037734	    0.64895787	     0.7261997
Nup	    12.2	    0.46836047	    0.63214941	    0.66634502	    0.64581524	    0.72571056
Nup	    12.4	      0.467826	    0.62772416	    0.66305492	    0.64256677	     0.7249527
Nup	    12.6	    0.46774794	    0.62258616	    0.66043091	    0.63923226	    0.72397761
Nup	    12.8	    0.46784002	    0.61717254	    0.65821155	    0.63574135	    0.72291404
Nup	      13	    0.46777221	    0.61203384	    0.65600046	    0.63213736	     0.7218522
Nup	    13.2	    0.46731204	    0.60761234	    0.65332186	    0.62871496	     0.7207723
Nup	    13.4	     0.4663898	    0.60411439	    0.64981063	    0.62585048	    0.71958145
Nup	    13.6	    0.46506537	     0.6014504	    0.64547829	    0.62369136	    0.71823105
Nup	    13.8	    0.46349193	    0.59924243	    0.64073259	    0.62205194	    0.71678161
Nup	      14	    0.46187568	    0.59698173	    0.63610865	    0.62060933	    0.71535395
Nup	    14.2	    0.46038226	    0.59423949	    0.63198936	    0.61913171	    0.71405153
Nup	    14.4	    0.45907546	    0.59076695	    0.62854744	    0.61752262	    0.71291055
Nup	    14.6	    0.45790198	    0.58655714	    0.62579805	    0.61579052	    0.71190363
Nup	    14.8	    0.45665834	     0.5819113	    0.62359472	    0.61402726	    0.71097197
Nup	      15	    0.45505252	    0.57736174	     0.6216231	    0.61237221	    0.71005846
Nup	    15.2	    0.45289682	    0.57341217	    0.61949965	    0.61093719	    0.70914143
Nup	    15.4	    0.45020559	    0.57031889	    0.61697491	    0.60971868	     0.7082519
Nup	    15.6	    0.44714411	    0.56804364	    0.61404864	    0.60858943	    0.70745252
Nup	    15.8	    0.44393559	    0.56632843	     0.6109147	    0.60737786	    0.70678543
Nup	      16	    0.44080831	    0.56479957	    0.60782989	    0.60596654	    0.70624387
Nup	    16.2	    0.43798923	    0.56304824	    0.60498648	    0.60435746	    0.70578782
Nup	    16.4	     0.4356801	    0.56074227	    0.60242684	    0.60265892	    0.70536826
Nup	    16.6	    0.43397599	    0.55777853	     0.6000481	    0.60098634	    0.70494924
Nup	    16.8	    0.43279768	    0.55435483	     0.5976839	    0.59937133	    0.70452504
Nup	      17	    0.43193703	    0.55087034	    0.59518287	    0.59775476	    0.70412134
Nup	    17.2	    0.43119254	    0.54770896	    0.59243083	    0.59606428	    0.70376745
Nup	    17.4	    0.43046566	    0.54506386	     0.5893722	    0.59427731	    0.70346293
Nup	    17.6	    0.42975203	    0.54289954	    0.58608614	    0.59238262	     0.7031718
Nup	    17.8	    0.42906926	     0.5410368	    0.58281704	    0.59032587	    0.70284945
Nup	      18	    0.42840389	    0.53926942	    0.57986843	    0.58805023	     0.7024576
Nup	    18.2	    0.42772536	    0.53743035	    0.57742411	    0.58558733	    0.70195875
Nup	    18.4	    0.42701238	    0.53542486	    0.57547894	    0.58306337	    0.70131996
Nup	    18.6	    0.42624978	    0.53326262	    0.57390474	    0.58062226	    0.70053223
Nup	    18.8	    0.42541211	    0.53106508	    0.57250841	    0.57836931	    0.69962473
Nup	      19	    0.42446433	    0.52900943	    0.57104157	    0.57638508	    0.69865302
Nup	    19.2	    0.42338527	    0.52723955	    0.56924231	    0.57474221	    0.69767985
Nup	    19.4	     0.4221946	    0.52578054	    0.56696226	    0.57347224	    0.69675797
Nup	    19.6	    0.42094627	    0.52449981	    0.56428525	     0.5725258	    0.69591804
Nup	    19.8	    0.41969163	     0.5231833	     0.5614655	     0.5718066	    0.69515966
Nup	      20	    0.41846616	    0.52165035	    0.55875143	    0.57123883	    0.69445814
